* Results of Harmonic Analysis
* Today : 2025/09/19 23:49:45
*
* Observed Year
    2024
* 分潮數   平均潮位(CM)
       30     53.5028
*  分潮      週期(HOURS)    振幅(CM)       Angle      Cj(CM)      Sj(CM)
      SA      8766.2318     11.3720     -2.3577     -8.0533     -8.0291
      M2        12.4206     12.1147      0.4891     10.6943      5.6918
      S2        12.0000      4.0771     -1.5757     -0.0198     -4.0771
      N2        12.6583      3.0107     -3.0739     -3.0038     -0.2037
      O1        25.8193     17.8122      2.6478    -15.6844      8.4424
      K1        23.9345     18.6692      0.4926     16.4498      8.8287
      K2        11.9672      0.2627      1.8039     -0.0607      0.2556
      P1        24.0659      5.4977      0.7148      4.1520      3.6036
      O2        12.9097      3.3056     -2.9223     -3.2265     -0.7191
      2N2       12.9054      3.5229     -0.5554      2.9934     -1.8575
      ALP1      29.0727      0.1681      2.1601     -0.0934      0.1398
      2Q1       28.0062      0.6991      1.7685     -0.1373      0.6855
      SIG1      27.8484      0.7124     -1.6562     -0.0608     -0.7098
      Q1        26.8684      4.1003     -0.5734      3.4444     -2.2246
      RHO1      26.7231      1.8609      1.2311      0.6200      1.7545
      TAU1      25.6681      0.4694      2.7847     -0.4398      0.1640
      BET1      24.9748      1.4200     -1.8342     -0.3697     -1.3710
      NO1       24.8332      2.4949     -2.0922     -1.2428     -2.1633
      CHI1      24.7091      2.6290     -1.3110      0.6754     -2.5408
      PI1       24.1321      0.3610     -2.0204     -0.1569     -0.3251
      S1        24.0000      0.6707      1.7983     -0.1513      0.6534
      PSI1      23.8693      0.2680      0.5367      0.2303      0.1370
      PHI1      23.8045      0.8182     -1.1419      0.3403     -0.7441
      THE1      23.2070      1.4843      2.0967     -0.7452      1.2837
      J1        23.0985      1.4043      3.0122     -1.3926      0.1811
      2PO1      22.5355      0.4988      1.9119     -0.1669      0.4701
      SO1       22.4202      0.3954     -1.0547      0.1951     -0.3439
      OO1       22.3061      1.3131      1.6217     -0.0668      1.3114
      UPS1      21.5782      0.5628     -2.0609     -0.2649     -0.4966
      ST36      13.6323      0.2085     -2.3043     -0.1396     -0.1549
